1395394509	1.2611
1395394569	1.2611
1395394629	1.2611
1395394689	1.2611
1395394749	1.2611
1395394809	1.2611
1395394869	1.2688
1395394929	1.2711
1395394989	1.2613
1395395049	1.2701
1395395109	1.2641
1395395169	1.2812
1395395229	1.2785
1395395291	1.2724
1395395351	1.2638
1395395411	1.3569
1395395471	1.3255
1395395531	1.2932
1395395591	1.2745
1395395651	1.2638
1395395711	1.2986
1395395771	1.2821
1395395831	1.2692
1395395891	1.2802
1395395951	1.2858
1395396011	1.2831
1395396071	1.2756
1395396131	1.2752
1395396191	1.2749
1395396251	1.2746
1395396311	1.2696
1395396371	1.2662
1395396431	1.2743
1395396491	1.2612
1395396551	1.2925
1395396611	1.2718
1395396671	1.2621
1395396732	1.2637
1395396791	1.2613
1395396852	1.2614
1395396911	1.2732
1395396971	1.2671
1395397031	1.3333
1395397091	1.3166
1395397152	1.3004
1395397211	1.2813
1395397271	1.2611
1395397332	1.4642
1395397391	1.4398
1395397451	1.4091
1395397512	1.3846
1395397571	1.3518
1395397632	1.3179
1395397692	1.2985
1395397752	1.2638
1395397812	1.3359
1395397873	1.3114
1395397932	1.2913
1395397992	1.2757
1395398052	1.2637
