1388520000	271
1388523600	268
1388527200	266
1388530800	270
1388534400	268
1388538000	272
1388541600	265
1388545200	286
1388548800	270
1388552400	269
1388556000	269
1388559600	268
1388563200	269
1388566800	264
1388570400	270
1388574000	270
1388577600	269
1388581200	273
1388584800	271
1388588400	269
1388592000	271
1388595600	272
1388599200	269
1388602800	274
1388606400	278
1388610000	278
1388613600	285
1388617200	279
1388620800	281
1388624400	278
1388628000	283
1388631600	278
1388635200	278
1388638800	278
1388642400	276
1388646000	273
1388649600	277
1388653200	278
1388656800	279
1388660400	277
1388664000	267
1388667600	279
1388671200	266
1388674800	272
1388678400	265
1388682000	265
1388685600	265
1388689200	271
1388692800	266
1388696400	264
1388700000	266
1388703600	266
1388707200	264
1388710800	267
1388714400	278
1388718000	278
1388721600	282
1388725200	278
1388728800	284
1388732400	280
1388736000	280
1388739600	286
1388743200	283
1388746800	276
1388750400	293
1388754000	277
1388757600	271
1388761200	272
1388764800	270
1388768400	272
1388772000	302
1388775600	278
1388779200	275
1388782800	276
1388786400	289
1388790000	283
1388793600	281
1388797200	283
1388800800	274
1388804400	287
1388808000	277
1388811600	280
1388815200	280
1388818800	281
1388822400	280
1388826000	279
1388829600	279
1388833200	279
1388836800	277
1388840400	277
1388844000	279
1388847600	282
1388851200	280
1388854800	278
1388858400	277
1388862000	350
1388865600	317
1388869200	372
1388872800	288
1388876400	272
1388880000	320
1388883600	269
1388887200	269
1388890800	267
1388894400	276
1388898000	277
1388901600	276
1388905200	279
1388908800	280
1388912400	277
1388916000	274
1388919600	267
1388923200	274
1388926800	270
1388930400	275
1388934000	273
1388937600	307
1388941200	304
1388944800	271
1388948400	269
1388952000	266
1388955600	268
1388959200	269
1388962800	268
1388966400	286
1388970000	295
1388973600	292
1388977200	313
1388980800	374
1388984400	287
1388988000	292
1388991600	290
1388995200	284
1388998800	279
1389002400	275
1389006000	285
1389009600	275
1389013200	280
1389016800	277
1389020400	285
1389024000	268
1389027600	278
1389031200	400
1389034800	290
1389038400	276
1389042000	269
1389045600	280
1389049200	269
1389052800	277
1389056400	270
1389060000	271
1389063600	267
1389067200	293
1389070800	299
1389074400	268
1389078000	267
1389081600	272
1389085200	283
1389088800	277
1389092400	283
1389096000	282
1389099600	290
1389103200	280
1389106800	294
1389110400	270
1389114000	287
1389117600	280
1389121200	266
1389124800	267
1389128400	266
1389132000	265
1389135600	270
1389139200	265
1389142800	283
1389146400	301
1389150000	330
1389153600	270
1389157200	268
1389160800	270
1389164400	272
1389168000	273
1389171600	270
1389175200	278
1389178800	280
1389182400	281
1389186000	277
1389189600	277
1389193200	275
1389196800	268
1389200400	264
1389204000	264
1389207600	288
1389211200	268
1389214800	269
1389218400	319
1389222000	283
1389225600	281
1389229200	282
1389232800	279
1389236400	282
1389240000	279
1389243600	277
1389247200	281
1389250800	280
1389254400	278
1389258000	270
1389261600	267
1389265200	269
1389268800	274
1389272400	333
1389276000	280
1389279600	284
1389283200	270
1389286800	271
1389290400	269
1389294000	272
1389297600	269
1389301200	266
1389304800	267
1389308400	274
1389312000	280
1389315600	276
1389319200	277
1389322800	269
1389326400	289
1389330000	294
1389333600	281
1389337200	270
1389340800	269
1389344400	269
1389348000	268
1389351600	270
1389355200	273
1389358800	277
1389362400	268
1389366000	309
1389369600	282
1389373200	272
1389376800	270
1389380400	272
1389384000	280
1389387600	280
1389391200	283
1389394800	280
1389398400	278
1389402000	277
1389405600	269
1389409200	269
1389412800	269
1389416400	266
1389420000	271
1389423600	273
1389427200	270
1389430800	271
1389434400	271
1389438000	273
1389441600	277
1389445200	278
1389448800	280
1389452400	276
1389456000	278
1389459600	278
1389463200	273
1389466800	269
1389470400	272
1389474000	272
1389477600	273
1389481200	271
1389484800	314
1389488400	271
1389492000	279
1389495600	262
1389499200	267
1389502800	271
1389506400	272
1389510000	269
1389513600	272
1389517200	269
1389520800	270
1389524400	271
1389528000	274
1389531600	269
1389535200	268
1389538800	269
1389542400	269
1389546000	268
1389549600	270
1389553200	270
1389556800	272
1389560400	270
1389564000	270
1389567600	272
1389571200	273
1389574800	274
1389578400	266
1389582000	264
1389585600	265
1389589200	266
1389592800	269
1389596400	274
1389600000	266
1389603600	270
1389607200	299
1389610800	293
1389614400	285
1389618000	285
1389621600	282
1389625200	273
1389628800	316
1389632400	346
1389636000	314
1389639600	276
1389643200	350
1389646800	284
1389650400	372
1389654000	310
1389657600	318
1389661200	331
1389664800	315
1389668400	318
1389672000	342
1389675600	281
1389679200	449
1389682800	512
1389686400	319
1389690000	277
1389693600	279
1389697200	288
1389700800	287
1389704400	288
1389708000	283
1389711600	285
1389715200	280
1389718800	278
1389722400	272
1389726000	272
1389729600	267
1389733200	268
1389736800	266
1389740400	284
1389744000	301
1389747600	274
1389751200	269
1389754800	306
1389758400	289
1389762000	277
1389765600	269
1389769200	277
1389772800	285
1389776400	288
1389780000	298
1389783600	287
1389787200	288
1389790800	282
1389794400	281
1389798000	280
1389801600	278
1389805200	287
1389808800	281
1389812400	284
1389816000	341
1389819600	330
1389823200	312
1389826800	329
1389830400	286
1389834000	361
1389837600	290
1389841200	342
1389844800	302
1389848400	328
1389852000	332
1389855600	302
1389859200	291
1389862800	282
1389866400	353
1389870000	351
1389873600	298
1389877200	274
1389880800	272
1389884400	273
1389888000	282
1389891600	284
1389895200	287
1389898800	288
1389902400	289
1389906000	278
1389909600	277
1389913200	318
1389916800	284
1389920400	283
1389924000	287
1389927600	288
1389931200	277
1389934800	282
1389938400	290
1389942000	240
1389945600	244
1389949200	234
1389952800	240
1389956400	240
1389960000	233
1389963600	236
1389967200	236
1389970800	247
1389974400	236
1389978000	236
1389981600	235
1389985200	239
1389988800	234
1389992400	238
1389996000	254
1389999600	236
1390003200	235
1390006800	233
1390010400	235
1390014000	233
1390017600	235
1390021200	242
1390024800	244
1390028400	246
1390032000	262
1390035600	268
1390039200	258
1390042800	258
1390046400	254
1390050000	256
1390053600	238
1390057200	261
1390060800	242
1390064400	251
1390068000	244
1390071600	254
1390075200	252
1390078800	245
1390082400	237
1390086000	235
1390089600	299
1390093200	253
1390096800	256
1390100400	253
1390104000	263
1390107600	270
1390111200	265
1390114800	311
1390118400	256
1390122000	305
1390125600	257
1390129200	334
1390132800	282
1390136400	305
1390140000	312
1390143600	285
1390147200	261
1390150800	342
1390154400	261
1390158000	258
1390161600	331
1390165200	242
1390168800	296
1390172400	258
1390176000	296
1390179600	243
1390183200	244
1390186800	242
1390190400	245
1390194000	258
1390197600	293
1390201200	267
1390204800	263
1390208400	263
1390212000	261
1390215600	264
1390219200	257
1390222800	357
1390226400	271
1390230000	257
1390233600	344
1390237200	270
1390240800	296
1390244400	265
1390248000	282
1390251600	286
1390255200	404
1390258800	264
1390262400	247
1390266000	301
1390269600	382
1390273200	320
1390276800	349
1390280400	422
1390284000	339
1390287600	323
1390291200	328
1390294800	319
1390298400	297
1390302000	336
1390305600	356
1390309200	326
1390312800	265
1390316400	267
1390320000	260
1390323600	266
1390327200	257
1390330800	263
1390334400	261
1390338000	260
1390341600	249
1390345200	245
1390348800	255
1390352400	256
1390356000	257
1390359600	262
1390363200	267
1390366800	274
1390370400	266
1390374000	249
1390377600	295
1390381200	249
1390384800	258
1390388400	278
1390392000	242
1390395600	248
1390399200	245
1390402800	336
1390406400	249
1390410000	252
1390413600	247
1390417200	247
1390420800	238
1390424400	251
1390428000	264
1390431600	257
1390435200	254
1390438800	249
1390442400	256
1390446000	249
1390449600	256
1390453200	244
1390456800	255
1390460400	246
1390464000	253
1390467600	256
1390471200	244
1390474800	249
1390478400	255
1390482000	253
1390485600	266
1390489200	261
1390492800	264
1390496400	240
1390500000	257
1390503600	261
1390507200	247
1390510800	248
1390514400	252
1390518000	256
1390521600	261
1390525200	308
1390528800	241
1390532400	244
1390536000	237
1390539600	255
1390543200	258
1390546800	238
1390550400	246
1390554000	248
1390557600	243
1390561200	239
1390564800	249
1390568400	248
1390572000	241
1390575600	247
1390579200	254
1390582800	258
1390586400	252
1390590000	248
1390593600	257
1390597200	308
1390600800	251
1390604400	248
1390608000	248
1390611600	249
1390615200	243
1390618800	250
1390622400	249
1390626000	239
1390629600	240
1390633200	235
1390636800	241
1390640400	237
1390644000	251
1390647600	244
1390651200	238
1390654800	250
1390658400	251
1390662000	241
1390665600	243
1390669200	239
1390672800	250
1390676400	245
1390680000	240
1390683600	240
1390687200	245
1390690800	245
1390694400	286
1390698000	246
1390701600	246
1390705200	259
1390708800	257
1390712400	247
1390716000	257
1390719600	263
1390723200	257
1390726800	241
1390730400	241
1390734000	241
1390737600	248
1390741200	241
1390744800	249
1390748400	254
1390752000	251
1390755600	250
1390759200	249
1390762800	254
1390766400	251
1390770000	236
1390773600	266
1390777200	257
1390780800	251
1390784400	246
1390788000	261
1390791600	253
1390795200	252
1390798800	269
1390802400	249
1390806000	254
1390809600	263
1390813200	261
1390816800	267
1390820400	253
1390824000	250
1390827600	254
1390831200	263
1390834800	250
1390838400	252
1390842000	253
1390845600	248
1390849200	250
1390852800	236
1390856400	260
1390860000	282
1390863600	238
1390867200	335
1390870800	445
1390874400	445
1390878000	484
1390881600	450
1390885200	444
1390888800	446
1390892400	449
1390896000	465
1390899600	468
1390903200	467
1390906800	462
1390910400	467
1390914000	466
1390917600	464
1390921200	475
1390924800	468
1390928400	465
1390932000	443
1390935600	450
1390939200	459
1390942800	448
1390946400	436
1390950000	438
1390953600	445
1390957200	447
1390960800	452
1390964400	457
1390968000	452
1390971600	459
1390975200	454
1390978800	449
1390982400	391
1390986000	254
1390989600	267
1390993200	266
1390996800	268
1391000400	259
1391004000	252
1391007600	265
1391011200	256
1391014800	252
1391018400	285
1391022000	278
1391025600	285
1391029200	257
1391032800	251
1391036400	312
1391040000	263
1391043600	247
1391047200	248
1391050800	240
1391054400	244
1391058000	236
1391061600	260
1391065200	253
1391068800	242
1391072400	241
1391076000	250
1391079600	244
1391083200	234
1391086800	250
1391090400	249
1391094000	252
1391097600	265
1391101200	257
1391104800	246
1391108400	248
1391112000	244
1391115600	276
1391119200	250
1391122800	269
1391126400	272
1391130000	251
1391133600	245
1391137200	260
1391140800	246
1391144400	246
1391148000	245
1391151600	255
1391155200	263
1391158800	256
1391162400	263
1391166000	257
1391169600	259
1391173200	274
1391176800	266
1391180400	256
1391184000	255
1391187600	267
1391191200	262
1391194800	267
1391198400	268
1391202000	260
1391205600	262
1391209200	289
1391212800	260
1391216400	272
1391220000	256
1391223600	254
1391227200	258
1391230800	257
1391234400	255
1391238000	309
1391241600	256
1391245200	255
1391248800	335
1391252400	333
1391256000	256
1391259600	239
1391263200	250
1391266800	249
1391270400	271
1391274000	325
1391277600	256
1391281200	326
1391284800	290
1391288400	334
1391292000	261
1391295600	257
1391299200	291
1391302800	244
1391306400	236
1391310000	241
1391313600	236
1391317200	233
1391320800	235
1391324400	233
1391328000	234
1391331600	235
1391335200	246
1391338800	247
1391342400	250
1391346000	257
1391349600	259
1391353200	256
1391356800	275
1391360400	247
1391364000	254
1391367600	262
1391371200	256
1391374800	259
1391378400	257
1391382000	257
1391385600	267
1391389200	260
1391392800	258
1391396400	247
1391400000	247
1391403600	247
1391407200	246
1391410800	256
1391414400	255
1391418000	262
1391421600	267
1391425200	251
1391428800	272
1391432400	264
1391436000	263
1391439600	258
1391443200	259
1391446800	278
1391450400	286
1391454000	254
1391457600	253
1391461200	256
1391464800	246
1391468400	245
1391472000	333
1391475600	271
1391479200	265
1391482800	264
1391486400	268
1391490000	256
1391493600	248
1391497200	246
1391500800	280
1391504400	256
1391508000	258
1391511600	249
1391515200	252
1391518800	249
1391522400	248
1391526000	256
1391529600	255
1391533200	247
1391536800	266
1391540400	249
1391544000	241
1391547600	234
1391551200	243
1391554800	243
1391558400	264
1391562000	253
1391565600	241
1391569200	247
1391572800	252
1391576400	244
1391580000	255
1391583600	242
1391587200	248
1391590800	252
1391594400	255
1391598000	247
1391601600	252
1391605200	243
1391608800	242
1391612400	244
1391616000	237
1391619600	253
1391623200	243
1391626800	237
1391630400	254
1391634000	250
1391637600	251
1391641200	238
1391644800	245
1391648400	238
1391652000	255
1391655600	256
1391659200	251
1391662800	251
1391666400	258
1391670000	266
1391673600	260
1391677200	260
1391680800	261
1391684400	254
1391688000	259
1391691600	253
1391695200	269
1391698800	248
1391702400	251
1391706000	256
1391709600	251
1391713200	260
1391716800	242
1391720400	252
1391724000	304
1391727600	331
1391731200	263
1391734800	249
1391738400	241
1391742000	248
1391745600	239
1391749200	244
1391752800	273
1391756400	251
1391760000	264
1391763600	263
1391767200	262
1391770800	260
1391774400	249
1391778000	273
1391781600	262
1391785200	265
1391788800	273
1391792400	264
1391796000	255
1391799600	248
1391803200	256
1391806800	251
1391810400	256
1391814000	265
1391817600	273
1391821200	253
1391824800	286
1391828400	251
1391832000	276
1391835600	305
1391839200	247
1391842800	253
1391846400	272
1391850000	256
1391853600	260
1391857200	253
1391860800	259
1391864400	247
1391868000	254
1391871600	259
1391875200	246
1391878800	252
1391882400	259
1391886000	252
1391889600	252
1391893200	253
1391896800	263
1391900400	269
1391904000	303
1391907600	264
1391911200	268
1391914800	265
1391918400	247
1391922000	251
1391925600	255
1391929200	251
1391932800	249
1391936400	255
1391940000	250
1391943600	253
1391947200	252
1391950800	257
1391954400	251
1391958000	255
1391961600	266
1391965200	247
1391968800	253
1391972400	251
1391976000	255
1391979600	248
1391983200	253
1391986800	272
1391990400	254
1391994000	256
1391997600	256
1392001200	249
1392004800	256
1392008400	254
1392012000	259
1392015600	252
1392019200	264
1392022800	251
1392026400	263
1392030000	261
1392033600	254
1392037200	250
1392040800	264
1392044400	269
1392048000	247
1392051600	254
1392055200	273
1392058800	261
1392062400	273
1392066000	349
1392069600	300
1392073200	315
1392076800	252
1392080400	256
1392084000	254
1392087600	257
1392091200	244
1392094800	249
1392098400	240
1392102000	238
1392105600	240
1392109200	247
1392112800	236
1392116400	243
1392120000	242
1392123600	242
1392127200	251
1392130800	246
1392134400	242
1392138000	241
1392141600	255
1392145200	252
1392148800	245
1392152400	245
1392156000	248
1392159600	246
1392163200	252
1392166800	242
1392170400	243
1392174000	248
1392177600	246
1392181200	242
1392184800	242
1392188400	244
1392192000	254
1392195600	251
1392199200	251
1392202800	249
1392206400	252
1392210000	253
1392213600	252
1392217200	247
1392220800	247
1392224400	259
1392228000	257
1392231600	248
1392235200	248
1392238800	248
1392242400	272
1392246000	258
1392249600	252
1392253200	240
1392256800	243
1392260400	239
1392264000	245
1392267600	242
1392271200	240
1392274800	240
1392278400	239
1392282000	241
1392285600	242
1392289200	247
1392292800	255
1392296400	244
1392300000	246
1392303600	248
1392307200	247
1392310800	247
1392314400	252
1392318000	245
1392321600	260
1392325200	255
1392328800	263
1392332400	269
1392336000	268
1392339600	254
1392343200	261
1392346800	251
1392350400	253
1392354000	255
1392357600	255
1392361200	253
1392364800	259
1392368400	255
1392372000	250
1392375600	256
1392379200	264
1392382800	252
1392386400	258
1392390000	261
1392393600	250
1392397200	247
1392400800	254
1392404400	248
1392408000	247
1392411600	244
1392415200	256
1392418800	248
1392422400	249
1392426000	248
1392429600	295
1392433200	257
1392436800	249
1392440400	256
1392444000	255
1392447600	252
1392451200	256
1392454800	272
1392458400	248
1392462000	244
1392465600	253
1392469200	245
1392472800	261
1392476400	266
1392480000	260
1392483600	257
1392487200	255
1392490800	246
1392494400	246
1392498000	257
1392501600	253
1392505200	252
1392508800	296
1392512400	307
1392516000	255
1392519600	252
1392523200	257
1392526800	240
1392530400	247
1392534000	244
1392537600	237
1392541200	237
1392544800	233
1392548400	244
1392552000	242
1392555600	234
1392559200	241
1392562800	252
1392566400	257
1392570000	244
1392573600	262
1392577200	264
1392580800	242
1392584400	250
1392588000	250
1392591600	249
1392595200	264
1392598800	245
1392602400	245
1392606000	241
1392609600	248
1392613200	247
1392616800	245
1392620400	241
1392624000	237
1392627600	254
1392631200	245
1392634800	253
1392638400	243
1392642000	250
1392645600	246
1392649200	251
1392652800	251
1392656400	287
1392660000	276
1392663600	273
1392667200	271
1392670800	268
1392674400	254
1392678000	259
1392681600	264
1392685200	254
1392688800	248
1392692400	253
1392696000	250
1392699600	251
1392703200	250
1392706800	253
1392710400	257
1392714000	252
1392717600	258
1392721200	249
1392724800	264
1392728400	259
1392732000	273
1392735600	262
1392739200	255
1392742800	259
1392746400	277
1392750000	259
1392753600	262
1392757200	264
1392760800	279
1392764400	256
1392768000	298
1392771600	264
1392775200	265
1392778800	258
1392782400	263
1392786000	262
1392789600	255
1392793200	261
1392796800	268
1392800400	271
1392804000	260
1392807600	264
1392811200	262
1392814800	262
1392818400	261
1392822000	258
1392825600	256
1392829200	255
1392832800	281
1392836400	259
1392840000	303
1392843600	260
1392847200	250
1392850800	249
1392854400	329
1392858000	250
1392861600	255
1392865200	296
1392868800	244
1392872400	239
1392876000	240
1392879600	235
1392883200	271
1392886800	280
1392890400	240
1392894000	236
1392897600	276
1392901200	277
1392904800	249
1392908400	253
1392912000	254
1392915600	256
1392919200	254
1392922800	247
1392926400	248
1392930000	247
1392933600	235
1392937200	253
1392940800	237
1392944400	237
1392948000	233
1392951600	246
1392955200	264
1392958800	256
1392962400	254
1392966000	255
1392969600	256
1392973200	274
1392976800	259
1392980400	262
1392984000	272
1392987600	267
1392991200	259
1392994800	264
1392998400	263
1393002000	259
1393005600	253
1393009200	253
1393012800	245
1393016400	246
1393020000	242
1393023600	243
1393027200	256
1393030800	248
1393034400	256
1393038000	253
1393041600	248
1393045200	257
1393048800	262
1393052400	271
1393056000	257
1393059600	249
1393063200	256
1393066800	263
1393070400	281
1393074000	270
1393077600	255
1393081200	255
1393084800	255
1393088400	256
1393092000	265
1393095600	248
1393099200	236
1393102800	238
1393106400	258
1393110000	301
1393113600	296
1393117200	247
1393120800	272
1393124400	286
1393128000	289
1393131600	268
1393135200	276
1393138800	294
1393142400	283
1393146000	277
1393149600	276
1393153200	341
1393156800	288
1393160400	355
1393164000	324
1393167600	277
1393171200	302
1393174800	296
1393178400	291
1393182000	283
1393185600	270
1393189200	272
1393192800	248
1393196400	236
1393200000	243
1393203600	241
1393207200	247
1393210800	250
1393214400	271
1393218000	273
1393221600	247
1393225200	248
1393228800	246
1393232400	245
1393236000	249
1393239600	250
1393243200	248
1393246800	249
1393250400	251
1393254000	251
1393257600	271
1393261200	359
1393264800	325
1393268400	286
1393272000	249
1393275600	251
1393279200	277
1393282800	256
1393286400	244
1393290000	409
1393293600	457
1393297200	460
1393300800	456
1393304400	315
1393308000	253
1393311600	249
1393315200	249
1393318800	256
1393322400	255
1393326000	254
1393329600	251
1393333200	265
1393336800	329
1393340400	262
1393344000	267
1393347600	264
1393351200	262
1393354800	265
1393358400	260
1393362000	261
1393365600	275
1393369200	245
1393372800	243
1393376400	236
1393380000	265
1393383600	296
1393387200	250
1393390800	250
1393394400	242
1393398000	393
1393401600	257
1393405200	252
1393408800	247
1393412400	243
1393416000	250
1393419600	255
1393423200	257
1393426800	254
1393430400	249
1393434000	269
1393437600	257
1393441200	256
1393444800	261
1393448400	256
1393452000	264
1393455600	314
1393459200	247
1393462800	240
1393466400	235
1393470000	233
1393473600	241
1393477200	237
1393480800	242
1393484400	252
1393488000	247
1393491600	281
1393495200	287
1393498800	250
1393502400	259
1393506000	252
1393509600	259
1393513200	247
1393516800	241
1393520400	245
1393524000	235
1393527600	248
1393531200	241
1393534800	241
1393538400	241
1393542000	242
1393545600	253
1393549200	247
1393552800	243
1393556400	246
1393560000	247
1393563600	245
1393567200	247
1393570800	278
1393574400	266
1393578000	257
1393581600	250
1393585200	293
1393588800	259
1393592400	267
1393596000	256
1393599600	284
1393603200	251
1393606800	247
1393610400	248
1393614000	299
1393617600	264
1393621200	242
1393624800	243
1393628400	248
1393632000	253
1393635600	246
1393639200	248
1393642800	246
1393646400	254
1393650000	252
1393653600	251
1393657200	252
1393660800	252
1393664400	261
1393668000	262
1393671600	267
1393675200	263
1393678800	266
1393682400	263
1393686000	265
1393689600	267
1393693200	266
1393696800	262
1393700400	257
1393704000	296
1393707600	324
1393711200	245
1393714800	238
1393718400	277
1393722000	236
1393725600	235
1393729200	236
1393732800	251
1393736400	243
1393740000	251
1393743600	252
1393747200	251
1393750800	258
1393754400	257
1393758000	263
1393761600	257
1393765200	258
1393768800	256
1393772400	246
1393776000	253
1393779600	264
1393783200	253
1393786800	248
1393790400	252
1393794000	262
1393797600	267
1393801200	242
1393804800	258
1393808400	247
1393812000	247
1393815600	251
1393819200	269
1393822800	283
1393826400	240
1393830000	237
1393833600	255
1393837200	238
1393840800	239
1393844400	245
1393848000	249
1393851600	250
1393855200	247
1393858800	248
1393862400	248
1393866000	243
1393869600	240
1393873200	238
1393876800	240
1393880400	244
1393884000	241
1393887600	236
1393891200	239
1393894800	245
1393898400	237
1393902000	239
1393905600	237
1393909200	251
1393912800	253
1393916400	262
1393920000	250
1393923600	245
1393927200	244
1393930800	254
1393934400	252
1393938000	295
1393941600	250
1393945200	254
1393948800	245
1393952400	245
1393956000	235
1393959600	237
1393963200	235
1393966800	231
1393970400	233
1393974000	259
1393977600	368
1393981200	380
1393984800	353
1393988400	241
1393992000	243
1393995600	246
1393999200	243
1394002800	305
1394006400	242
1394010000	246
1394013600	251
1394017200	246
1394020800	256
1394024400	255
1394028000	292
1394031600	243
1394035200	242
1394038800	245
1394042400	247
1394046000	247
1394049600	246
1394053200	242
1394056800	244
1394060400	242
1394064000	243
1394067600	254
1394071200	260
1394074800	256
1394078400	252
1394082000	254
1394085600	255
1394089200	248
1394092800	279
1394096400	276
1394100000	258
1394103600	259
1394107200	256
1394110800	245
1394114400	239
1394118000	247
1394121600	245
1394125200	251
1394128800	237
1394132400	236
1394136000	239
1394139600	249
1394143200	239
1394146800	240
1394150400	244
1394154000	233
1394157600	234
1394161200	230
1394164800	236
1394168400	228
1394172000	269
1394175600	298
1394179200	235
1394182800	240
1394186400	226
1394190000	232
1394193600	238
1394197200	255
1394200800	249
1394204400	240
1394208000	242
1394211600	241
1394215200	236
1394218800	250
1394222400	241
1394226000	249
1394229600	240
1394233200	236
1394236800	241
1394240400	243
1394244000	239
1394247600	244
1394251200	239
1394254800	248
1394258400	239
1394262000	239
1394265600	225
1394269200	229
1394272800	220
1394276400	222
1394280000	223
1394283600	226
1394287200	221
1394290800	223
1394294400	218
1394298000	226
1394301600	221
1394305200	348
1394308800	363
1394312400	364
1394316000	248
1394319600	237
1394323200	283
1394326800	240
1394330400	242
1394334000	291
1394337600	323
1394341200	288
1394344800	325
1394348400	310
1394352000	287
1394355600	226
1394359200	276
1394362800	240
1394366400	242
1394370000	248
1394373600	246
1394377200	242
1394380800	257
1394384400	252
1394388000	248
1394391600	240
1394395200	228
1394398800	235
1394402400	238
1394406000	243
1394409600	248
1394413200	242
1394416800	243
1394420400	254
1394424000	256
1394427600	236
1394431200	225
1394434800	226
1394438400	223
1394442000	238
1394445600	229
1394449200	224
1394452800	226
1394456400	222
1394460000	223
1394463600	222
1394467200	223
1394470800	243
1394474400	228
1394478000	225
1394481600	225
1394485200	226
1394488800	223
1394492400	231
1394496000	228
1394499600	225
1394503200	223
1394506800	224
1394510400	228
1394514000	226
1394517600	232
1394521200	231
1394524800	241
1394528400	249
1394532000	251
1394535600	250
1394539200	256
1394542800	262
1394546400	252
1394550000	239
1394553600	230
1394557200	235
1394560800	228
1394564400	239
1394568000	227
1394571600	254
1394575200	238
1394578800	237
1394582400	250
1394586000	252
1394589600	253
1394593200	249
1394596800	254
1394600400	267
1394604000	248
1394607600	258
1394611200	251
1394614800	250
1394618400	249
1394622000	248
1394625600	256
1394629200	250
1394632800	253
1394636400	252
1394640000	251
1394643600	255
1394647200	260
1394650800	251
1394654400	255
1394658000	257
1394661600	258
1394665200	253
1394668800	267
1394672400	256
1394676000	261
1394679600	260
1394683200	256
1394686800	259
1394690400	255
1394694000	273
1394697600	293
1394701200	285
1394704800	257
1394708400	255
1394712000	268
1394715600	263
1394719200	264
1394722800	265
1394726400	262
1394730000	263
1394733600	258
1394737200	263
1394740800	264
1394744400	263
1394748000	260
1394751600	264
1394755200	265
1394758800	259
1394762400	260
1394766000	261
1394769600	255
1394773200	253
1394776800	252
1394780400	247
1394784000	251
1394787600	255
1394791200	248
1394794800	246
1394798400	249
1394802000	244
1394805600	246
1394809200	247
1394812800	241
1394816400	237
1394820000	247
1394823600	247
1394827200	242
1394830800	244
1394834400	255
1394838000	232
1394841600	241
1394845200	240
1394848800	264
1394852400	243
1394856000	246
1394859600	258
1394863200	246
1394866800	242
1394870400	248
1394874000	248
1394877600	242
1394881200	241
1394884800	242
1394888400	248
1394892000	248
1394895600	246
1394899200	253
1394902800	254
1394906400	243
1394910000	247
1394913600	246
1394917200	246
1394920800	256
1394924400	249
1394928000	298
1394931600	251
1394935200	247
1394938800	254
1394942400	254
1394946000	257
1394949600	240
1394953200	238
1394956800	250
1394960400	261
1394964000	254
1394967600	236
1394971200	237
1394974800	253
1394978400	246
1394982000	242
1394985600	252
1394989200	250
1394992800	243
1394996400	248
1395000000	245
1395003600	244
1395007200	251
1395010800	251
1395014400	271
1395018000	262
1395021600	257
1395025200	250
1395028800	242
1395032400	248
1395036000	247
1395039600	243
1395043200	246
1395046800	258
1395050400	259
1395054000	256
1395057600	268
1395061200	258
1395064800	263
1395068400	258
1395072000	262
1395075600	258
1395079200	265
1395082800	290
1395086400	241
1395090000	253
1395093600	251
1395097200	243
1395100800	247
1395104400	246
1395108000	253
1395111600	249
1395115200	254
1395118800	258
1395122400	260
1395126000	263
1395129600	257
1395133200	252
1395136800	260
1395140400	262
1395144000	260
1395147600	259
1395151200	260
1395154800	258
1395158400	266
1395162000	263
1395165600	256
1395169200	244
1395172800	249
1395176400	252
1395180000	258
1395183600	242
1395187200	259
1395190800	244
1395194400	243
1395198000	248
1395201600	239
1395205200	237
1395208800	246
1395212400	238
1395216000	240
1395219600	231
1395223200	345
1395226800	243
1395230400	242
1395234000	245
1395237600	244
1395241200	242
1395244800	243
1395248400	253
1395252000	250
1395255600	256
1395259200	252
1395262800	252
1395266400	248
1395270000	250
1395273600	248
1395277200	293
1395280800	246
1395284400	256
1395288000	250
1395291600	253
1395295200	246
1395298800	258
1395302400	250
